0,1,2,3,4,5,6,7,8,9,10,11,12
1.0,0.0,0.0,0.0,1.0,0.0,0.0,0.0,1.0,0.0,0.0,0.7131000000000001,0.0
1.0,0.0,0.0,0.0,1.0,0.0,0.0,0.0,1.0,1.992011133561509e-08,0.0,0.7130999899597161,0.0
1.0,0.0,0.0,0.0,1.0,0.0,0.0,0.0,1.0,1.590616027845909e-07,0.0,0.7130999198285773,0.0
1.0,0.0,0.0,0.0,1.0,0.0,0.0,0.0,1.0,5.358238256164707e-07,0.0,0.7130997299300542,0.0
0.9999999999980869,0.0,1.9561065223512196e-06,0.0,1.0,0.0,-1.9561065223512196e-06,0.0,0.9999999999980869,1.2677114185885304e-06,0.0,0.7130993610385767,0.0
0.9999999999927293,0.0,3.8133265116105194e-06,0.0,1.0,0.0,-3.8133265116105194e-06,0.0,0.9999999999927293,2.471336558794867e-06,0.0,0.7130987543784005,0.0
0.9999999999783715,0.0,6.57700941436513e-06,0.0,1.0,0.0,-6.57700941436513e-06,0.0,0.9999999999783715,4.262421212515485e-06,0.0,0.7130978516224714,0.0
0.9999999999456665,0.0,1.0424346620827629e-05,0.0,1.0,0.0,-1.0424346620827629e-05,0.0,0.9999999999456665,6.755799386065383e-06,0.0,0.7130965948912918,0.0
0.9999999998793915,0.0,1.553116285250136e-05,0.0,1.0,0.0,-1.553116285250136e-05,0.0,0.9999999998793915,1.0065419376643646e-05,0.0,0.7130949267517858,0.0
0.9999999997564152,0.0,2.2071919635161018e-05,0.0,1.0,0.0,-2.2071919635161018e-05,0.0,0.9999999997564152,1.430434602318253e-05,0.0,0.7130927902161647,0.0
0.9999999995433843,0.0,3.0219718771739376e-05,0.0,1.0,0.0,-3.0219718771739376e-05,0.0,0.9999999995433843,1.9584762957196536e-05,0.0,0.7130901287407924,0.0
0.9999999991941371,0.0,4.014630581507677e-05,0.0,1.0,0.0,-4.014630581507677e-05,0.0,0.9999999991941371,2.6017974853631537e-05,0.0,0.7130868862250518,0.0
0.999999998646852,0.0,5.202207354047885e-05,0.0,1.0,0.0,-5.202207354047885e-05,0.0,0.999999998646852,3.371440968171381e-05,0.0,0.7130830070102085,0.0
0.9999999978209395,0.0,6.601606541801607e-05,0.0,1.0,0.0,-6.601606541801607e-05,0.0,0.9999999978209395,4.278362095579916e-05,0.0,0.7130784358782787,0.0
0.9999999966136859,0.0,8.229597908448518e-05,0.0,1.0,0.0,-8.229597908448518e-05,0.0,0.9999999966136859,5.3334289986221994e-05,0.0,0.7130731180508921,0.0
0.9999999948966545,0.0,0.0001010281698149391,0.0,1.0,0.0,-0.0001010281698149391,0.0,0.9999999948966545,6.547422813014449e-05,0.0,0.7130669991881596,0.0
0.9999999925118549,0.0,0.0001223776539936764,0.0,1.0,0.0,-0.0001223776539936764,0.0,0.9999999925118549,7.931037904240544e-05,0.0,0.7130600253875378,0.0
0.9999999892676864,0.0,0.00014650811258456778,0.0,1.0,0.0,-0.00014650811258456778,0.0,0.9999999892676864,9.494882092636967e-05,0.0,0.7130521431826943,0.0
0.9999999849346628,0.0,0.00017358189460057804,0.0,1.0,0.0,-0.00017358189460057804,0.0,0.9999999849346628,0.00011249476878477694,0.0,0.7130432995423739,0.0
0.9999999792409268,0.0,0.00020376002057232817,0.0,1.0,0.0,-0.00020376002057232817,0.0,0.9999999792409268,0.00013205257667059093,0.0,0.7130334418692637,0.0
0.9999999718675611,0.0,0.0002372021860155235,0.0,1.0,0.0,-0.0002372021860155235,0.0,0.9999999718675611,0.00015372573993784858,0.0,0.7130225179988585,0.0
0.9999999624437035,0.0,0.0002740667648970566,0.0,1.0,0.0,-0.0002740667648970566,0.0,0.9999999624437035,0.00017761689749250904,0.0,0.7130104761983268,0.0
0.999999950541473,0.0,0.0003145108130995752,0.0,1.0,0.0,-0.0003145108130995752,0.0,0.999999950541473,0.0002038278340433027,0.0,0.7129972651653758,0.0
0.9999999356707141,0.0,0.00035869007188428785,0.0,1.0,0.0,-0.00035869007188428785,0.0,0.9999999356707141,0.00023245948235258034,0.0,0.7129828340271169,0.0
0.9999999172735662,0.0,0.00040675897135176124,0.0,1.0,0.0,-0.00040675897135176124,0.0,0.9999999172735662,0.0002636119254871624,0.0,0.7129671323389318,0.0
0.9999998947188651,0.0,0.0004588706339004426,0.0,1.0,0.0,-0.0004588706339004426,0.0,0.9999998947188651,0.00029738439906918756,0.0,0.7129501100833375,0.0
0.9999998672963836,0.0,0.0005151768776826255,0.0,1.0,0.0,-0.0005151768776826255,0.0,0.9999998672963836,0.00033387529352696247,0.0,0.712931717668852,0.0
0.9999998342109168,0.0,0.0005758282200575526,0.0,1.0,0.0,-0.0005758282200575526,0.0,0.9999998342109168,0.00037318215634581044,0.0,0.7129119059288596,0.0
0.9999997945762208,0.0,0.0006409738810413357,0.0,1.0,0.0,-0.0006409738810413357,0.0,0.9999997945762208,0.0004154016943189205,0.0,0.7128906261204765,0.0
0.9999997474088094,0.0,0.0007107617867533498,0.0,1.0,0.0,-0.0007107617867533498,0.0,0.9999997474088094,0.000460629775798197,0.0,0.7128678299234165,0.0
0.9999996916216154,0.0,0.0007853385728587388,0.0,1.0,0.0,-0.0007853385728587388,0.0,0.9999996916216154,0.0005089614329451073,0.0,0.7128434694388565,0.0
0.9999996260175251,0.0,0.0008648495880066593,0.0,1.0,0.0,-0.0008648495880066593,0.0,0.9999996260175251,0.0005604908639815332,0.0,0.7128174971883017,0.0
0.9999995492827886,0.0,0.0009494388972638531,0.0,1.0,0.0,-0.0009494388972638531,0.0,0.9999995492827886,0.0006153114354406173,0.0,0.7127898661124514,0.0
0.9999994599803155,0.0,0.0010392492855431418,0.0,1.0,0.0,-0.0010392492855431418,0.0,0.9999994599803155,0.000673515684417615,0.0,0.7127605295700642,0.0
0.9999993565428599,0.0,0.0011344222610263955,0.0,1.0,0.0,-0.0011344222610263955,0.0,0.9999993565428599,0.0007351953208207406,0.0,0.7127294413368241,0.0
0.999999237266102,0.0,0.001235098058581533,0.0,1.0,0.0,-0.001235098058581533,0.0,0.999999237266102,0.0008004412296220187,0.0,0.7126965556042053,0.0
0.9999991003016314,0.0,0.001341415643173071,0.0,1.0,0.0,-0.001341415643173071,0.0,0.9999991003016314,0.0008693434731081326,0.0,0.7126618269783382,0.0
0.9999989436498382,0.0,0.0014535127132657337,0.0,1.0,0.0,-0.0014535127132657337,0.0,0.9999989436498382,0.0009419912931312724,0.0,0.7126252104788746,0.0
0.999998765152718,0.0,0.0015715257042206168,0.0,1.0,0.0,-0.0015715257042206168,0.0,0.999998765152718,0.001018473113359985,0.0,0.7125866615378537,0.0
0.9999985624865959,0.0,0.0016955897916833822,0.0,1.0,0.0,-0.0016955897916833822,0.0,0.9999985624865959,0.001098876541530024,0.0,0.7125461359985669,0.0
0.9999983331547756,0.0,0.001825838894963932,0.0,1.0,0.0,-0.001825838894963932,0.0,0.9999983331547756,0.0011832883716951976,0.0,0.7125035901144237,0.0
0.9999980744801189,0.0,0.001962405680407012,0.0,1.0,0.0,-0.001962405680407012,0.0,0.9999980744801189,0.0012717945864782164,0.0,0.7124589805478174,0.0
0.9999977835975611,0.0,0.002105421564753173,0.0,1.0,0.0,-0.002105421564753173,0.0,0.9999977835975611,0.001364480359321547,0.0,0.7124122643689903,0.0
0.9999974574465674,0.0,0.002255016718489484,0.0,1.0,0.0,-0.002255016718489484,0.0,0.9999974574465674,0.0014614300567382557,0.0,0.7123633990548994,0.0
0.999997092763536,0.0,0.002411320069189414,0.0,1.0,0.0,-0.002411320069189414,0.0,0.999997092763536,0.0015627272405628607,0.0,0.7123123424880818,0.0
0.9999966860741528,0.0,0.002574459304841247,0.0,1.0,0.0,-0.002574459304841247,0.0,0.9999966860741528,0.0016684546702021802,0.0,0.71225905295552,0.0
0.9999962336857032,0.0,0.002744560877164411,0.0,1.0,0.0,-0.002744560877164411,0.0,0.9999962336857032,0.001778694304886183,0.0,0.7122034891475079,0.0
0.9999957316793451,0.0,0.0029217500049130564,0.0,1.0,0.0,-0.0029217500049130564,0.0,0.9999957316793451,0.0018935273059188357,0.0,0.7121456101565159,0.0
0.9999951759023494,0.0,0.003106150677166249,0.0,1.0,0.0,-0.003106150677166249,0.0,0.9999951759023494,0.002013034038928952,0.0,0.7120853754760565,0.0
0.9999945619603119,0.0,0.003297885656604088,0.0,1.0,0.0,-0.003297885656604088,0.0,0.9999945619603119,0.0021372940761210436,0.0,0.7120227449995504,0.0
0.9999938852093415,0.0,0.0034970764827690778,0.0,1.0,0.0,-0.0034970764827690778,0.0,0.9999938852093415,0.002266386198526165,0.0,0.7119576790191908,0.0
0.9999931407482305,0.0,0.0037038434753120563,0.0,1.0,0.0,-0.0037038434753120563,0.0,0.9999931407482305,0.0024003883982527683,0.0,0.71189013822481,0.0
0.9999923234106098,0.0,0.003918305737221987,0.0,1.0,0.0,-0.003918305737221987,0.0,0.9999923234106098,0.002539377880737551,0.0,0.7118200837027443,0.0
0.9999914277570952,0.0,0.004140581158038876,0.0,1.0,0.0,-0.004140581158038876,0.0,0.9999914277570952,0.0026834310669963,0.0,0.7117474769346996,0.0
0.9999904480674285,0.0,0.004370786417049129,0.0,1.0,0.0,-0.004370786417049129,0.0,0.9999904480674285,0.0028326235958747435,0.0,0.7116722797966175,0.0
0.9999893783326188,0.0,0.004609036986462609,0.0,1.0,0.0,-0.004609036986462609,0.0,0.9999893783326188,0.0029870303262994067,0.0,0.71159445455754,0.0
0.9999882122470861,0.0,0.004855447134570629,0.0,1.0,0.0,-0.004855447134570629,0.0,0.9999882122470861,0.003146725339528449,0.0,0.7115139638784754,0.0
0.9999869432008149,0.0,0.005110129928884188,0.0,1.0,0.0,-0.005110129928884188,0.0,0.9999869432008149,0.0033117819414025243,0.0,0.7114307708112637,0.0
0.999985564271519,0.0,0.005373197239251659,0.0,1.0,0.0,-0.005373197239251659,0.0,0.999985564271519,0.003482272664595621,0.0,0.7113448387974421,0.0
0.9999840682168226,0.0,0.005644759740955196,0.0,1.0,0.0,-0.005644759740955196,0.0,0.9999840682168226,0.0036582692708659135,0.0,0.7112561316671108,0.0
0.9999824474664637,0.0,0.005924926917785125,0.0,1.0,0.0,-0.005924926917785125,0.0,0.9999824474664637,0.00383984275330662,0.0,0.711164613637798,0.0
0.9999806941145203,0.0,0.006213807065091482,0.0,1.0,0.0,-0.006213807065091482,0.0,0.9999806941145203,0.004027063338596837,0.0,0.7110702493133261,0.0
0.9999787999116659,0.0,0.006511507292812046,0.0,1.0,0.0,-0.006511507292812046,0.0,0.9999787999116659,0.004220000489252403,0.0,0.7109730036826765,0.0
0.9999767562574582,0.0,0.006818133528475983,0.0,1.0,0.0,-0.006818133528475983,0.0,0.9999767562574582,0.004418722905876732,0.0,0.7108728421188554,0.0
0.9999745541926626,0.0,0.007133790520182451,0.0,1.0,0.0,-0.007133790520182451,0.0,0.9999745541926626,0.004623298529411677,0.0,0.7107697303777594,0.0
0.9999721843916173,0.0,0.00745858183955329,0.0,1.0,0.0,-0.00745858183955329,0.0,0.9999721843916173,0.004833794543388375,0.0,0.7106636345970408,0.0
0.9999696371546416,0.0,0.007792609884659102,0.0,1.0,0.0,-0.007792609884659102,0.0,0.9999696371546416,0.005050277376178082,0.0,0.7105545212949735,0.0
0.9999669024004907,0.0,0.008135975882917956,0.0,1.0,0.0,-0.008135975882917956,0.0,0.9999669024004907,0.005272812703243051,0.0,0.7104423573693184,0.0
0.9999639696588631,0.0,0.008488779893965875,0.0,1.0,0.0,-0.008488779893965875,0.0,0.9999639696588631,0.00550146544938735,0.0,0.710327110096188,0.0
0.9999608280629609,0.0,0.008851120812498472,0.0,1.0,0.0,-0.008851120812498472,0.0,0.9999608280629609,0.005736299791007738,0.0,0.7102087471289136,0.0
0.9999574663421088,0.0,0.009223096371082828,0.0,1.0,0.0,-0.009223096371082828,0.0,0.9999574663421088,0.005977379158344487,0.0,0.7100872364969091,0.0
0.999953872814434,0.0,0.009604803142939025,0.0,1.0,0.0,-0.009604803142939025,0.0,0.999953872814434,0.006224766237732262,0.0,0.709962546604538,0.0
0.999950035379611,0.0,0.009996336544690405,0.0,1.0,0.0,-0.009996336544690405,0.0,0.999950035379611,0.006478522973850941,0.0,0.7098346462299775,0.0
0.9999459415116733,0.0,0.010397790839081976,0.0,1.0,0.0,-0.010397790839081976,0.0,0.9999459415116733,0.00673871057197648,0.0,0.7097035045240854,0.0
0.9999415782518971,0.0,0.010809259137666125,0.0,1.0,0.0,-0.010809259137666125,0.0,0.9999415782518971,0.007005389500231764,0.0,0.7095690910092644,0.0
0.9999369322017584,0.0,0.011230833403454933,0.0,1.0,0.0,-0.011230833403454933,0.0,0.9999369322017584,0.007278619491837441,0.0,0.7094313755783284,0.0
0.9999319895159672,0.0,0.011662604453538415,0.0,1.0,0.0,-0.011662604453538415,0.0,0.9999319895159672,0.007558459547362791,0.0,0.7092903284933676,0.0
0.9999267358955823,0.0,0.012104661961667902,0.0,1.0,0.0,-0.012104661961667902,0.0,0.9999267358955823,0.007844967936976564,0.0,0.7091459203846143,0.0
0.9999211565812088,0.0,0.012557094460803898,0.0,1.0,0.0,-0.012557094460803898,0.0,0.9999211565812088,0.008138202202697816,0.0,0.7089981222493082,0.0
0.9999152363462813,0.0,0.013019989345627783,0.0,1.0,0.0,-0.013019989345627783,0.0,0.9999152363462813,0.008438219160646798,0.0,0.7088469054505621,0.0
0.9999089594904366,0.0,0.013493432875016493,0.0,1.0,0.0,-0.013493432875016493,0.0,0.9999089594904366,0.008745074903295754,0.0,0.7086922417162269,0.0
0.9999023098329768,0.0,0.013977510174479792,0.0,1.0,0.0,-0.013977510174479792,0.0,0.9999023098329768,0.009058824801719816,0.0,0.708534103137758,0.0
0.9998952707064285,0.0,0.014472305238559168,0.0,1.0,0.0,-0.014472305238559168,0.0,0.9998952707064285,0.009379523507847806,0.0,0.70837246216908,0.0
0.9998878249501969,0.0,0.014977900933188007,0.0,1.0,0.0,-0.014977900933188007,0.0,0.9998878249501969,0.00970722495671315,0.0,0.7082072916254524,0.0
0.9998799549043205,0.0,0.015494378998012122,0.0,1.0,0.0,-0.015494378998012122,0.0,0.9998799549043205,0.010041982368704655,0.0,0.7080385646823356,0.0
0.9998716424033277,0.0,0.016021820048670303,0.0,1.0,0.0,-0.016021820048670303,0.0,0.9998716424033277,0.010383848251817401,0.0,0.7078662548742559,0.0
0.999862868770198,0.0,0.01656030357903409,0.0,1.0,0.0,-0.01656030357903409,0.0,0.999862868770198,0.010732874403903596,0.0,0.707690336093671,0.0
0.99985361481043,0.0,0.017109907963406258,0.0,1.0,0.0,-0.017109907963406258,0.0,0.99985361481043,0.01108911191492339,0.0,0.7075107825898359,0.0
0.9998438608062189,0.0,0.017670710458677477,0.0,1.0,0.0,-0.017670710458677477,0.0,0.9998438608062189,0.01145261116919575,0.0,0.7073275689676677,0.0
0.9998335865107456,0.0,0.0182427872064405,0.0,1.0,0.0,-0.0182427872064405,0.0,0.9998335865107456,0.011823421847649309,0.0,0.7071406701866122,0.0
0.99982277114258,0.0,0.01882621323506152,0.0,1.0,0.0,-0.01882621323506152,0.0,0.99982277114258,0.012201592930073208,0.0,0.7069500615595083,0.0
0.9998113933802008,0.0,0.019421062461707942,0.0,1.0,0.0,-0.019421062461707942,0.0,0.9998113933802008,0.012587172697367942,0.0,0.7067557187514544,0.0
0.9997994313566322,0.0,0.02002740769433231,0.0,1.0,0.0,-0.02002740769433231,0.0,0.9997994313566322,0.012980208733796208,0.0,0.7065576177786731,0.0
0.9997868626542036,0.0,0.02064532063361182,0.0,1.0,0.0,-0.02064532063361182,0.0,0.9997868626542036,0.013380747929233779,0.0,0.7063557350073775,0.0
0.9997736642994298,0.0,0.02127487187484288,0.0,1.0,0.0,-0.02127487187484288,0.0,0.9997736642994298,0.013788836481420316,0.0,0.7061500471526359,0.0
0.9997598127580168,0.0,0.02191613090979044,0.0,1.0,0.0,-0.02191613090979044,0.0,0.9997598127580168,0.014204519898210234,0.0,0.7059405312772381,0.0
0.9997452839299941,0.0,0.022569166128491632,0.0,1.0,0.0,-0.022569166128491632,0.0,0.9997452839299941,0.014627842999823568,0.0,0.7057271647905605,0.0
0.9997300531449753,0.0,0.023234044821013225,0.0,1.0,0.0,-0.023234044821013225,0.0,0.9997300531449753,0.015058849921096788,0.0,0.7055099254474316,0.0
0.9997140951575496,0.0,0.023910833179162712,0.0,1.0,0.0,-0.023910833179162712,0.0,0.9997140951575496,0.015497584113733684,0.0,0.7052887913469974,0.0
0.9996973841428054,0.0,0.024599596298152508,0.0,1.0,0.0,-0.024599596298152508,0.0,0.9996973841428054,0.015944088348556172,0.0,0.7050637409315873,0.0
0.9996798936919876,0.0,0.025300398178217148,0.0,1.0,0.0,-0.025300398178217148,0.0,0.9996798936919876,0.01639840471775519,0.0,0.7048347529855795,0.0
0.9996615968082913,0.0,0.026013301726182932,0.0,1.0,0.0,-0.026013301726182932,0.0,0.9996615968082913,0.016860574637141523,0.0,0.704601806634266,0.0
0.9996424659027923,0.0,0.026738368756989976,0.0,1.0,0.0,-0.026738368756989976,0.0,0.9996424659027923,0.01733063884839664,0.0,0.7043648813427189,0.0
0.9996224727905181,0.0,0.027475659995166372,0.0,1.0,0.0,-0.027475659995166372,0.0,0.9996224727905181,0.017808637421323582,0.0,0.7041239569146551,0.0
0.9996015886866578,0.0,0.028225235076254067,0.0,1.0,0.0,-0.028225235076254067,0.0,0.9996015886866578,0.018294609756097754,0.0,0.7038790134913029,0.0
0.999579784202916,0.0,0.028987152548186606,0.0,1.0,0.0,-0.028987152548186606,0.0,0.999579784202916,0.018788594585517827,0.0,0.7036300315502662,0.0
0.9995570293440096,0.0,0.029761469872618226,0.0,1.0,0.0,-0.029761469872618226,0.0,0.9995570293440096,0.01929062997725658,0.0,0.7033769919043906,0.0
0.9995332935043101,0.0,0.030548243426204373,0.0,1.0,0.0,-0.030548243426204373,0.0,0.9995332935043101,0.0198007533361117,0.0,0.7031198757006298,0.0
0.9995085454646332,0.0,0.03134752850183354,0.0,1.0,0.0,-0.03134752850183354,0.0,0.9995085454646332,0.020319001406256684,0.0,0.7028586644189094,0.0
0.9994827533891757,0.0,0.03215937930981021,0.0,1.0,0.0,-0.03215937930981021,0.0,0.9994827533891757,0.020845410273491703,0.0,0.7025933398709936,0.0
0.9994558848226025,0.0,0.03298384897898889,0.0,1.0,0.0,-0.03298384897898889,0.0,0.9994558848226025,0.021380015367494346,0.0,0.7023238841993504,0.0
0.9994279066872843,0.0,0.033820989557859456,0.0,1.0,0.0,-0.033820989557859456,0.0,0.9994279066872843,0.02192285146407062,0.0,0.7020502798760171,0.0
0.9993987852806874,0.0,0.03467085201558332,0.0,1.0,0.0,-0.03467085201558332,0.0,0.9993987852806874,0.02247395268740566,0.0,0.7017725097014658,0.0
0.9993684862729162,0.0,0.035533486242981034,0.0,1.0,0.0,-0.035533486242981034,0.0,0.9993684862729162,0.023033352512314694,0.0,0.701490556803469,0.0
0.9993369747044112,0.0,0.036408941053470825,0.0,1.0,0.0,-0.036408941053470825,0.0,0.9993369747044112,0.02360108376649378,0.0,0.7012044046359648,0.0
0.9993042149838016,0.0,0.03729726418395869,0.0,1.0,0.0,-0.03729726418395869,0.0,0.9993042149838016,0.024177178632770763,0.0,0.7009140369779229,0.0
0.9992701708859156,0.0,0.03819850229567978,0.0,1.0,0.0,-0.03819850229567978,0.0,0.9992701708859156,0.024761668651356056,0.0,0.7006194379322095,0.0
0.9992348055499473,0.0,0.039112700974991296,0.0,1.0,0.0,-0.039112700974991296,0.0,0.9992348055499473,0.025354584722093468,0.0,0.7003205919244537,0.0
0.9991980814777832,0.0,0.04003990473411745,0.0,1.0,0.0,-0.04003990473411745,0.0,0.9991980814777832,0.025955957106711152,0.0,0.7000174837019122,0.0
0.9991599605324887,0.0,0.0409801570118461,0.0,1.0,0.0,-0.0409801570118461,0.0,0.9991599605324887,0.02656581543107236,0.0,0.6997100983323348,0.0
0.999120403936954,0.0,0.04193350017417777,0.0,1.0,0.0,-0.04193350017417777,0.0,0.999120403936954,0.02718418868742636,0.0,0.6993984212028306,0.0
0.9990793722727032,0.0,0.042899975514927156,0.0,1.0,0.0,-0.042899975514927156,0.0,0.9990793722727032,0.02781110523665918,0.0,0.699082438018733,0.0
0.9990368254788645,0.0,0.04387962325627758,0.0,1.0,0.0,-0.04387962325627758,0.0,0.9990368254788645,0.028446592810544603,0.0,0.6987621348024652,0.0
0.9989927228513048,0.0,0.0448724825492884,0.0,1.0,0.0,-0.0448724825492884,0.0,0.9989927228513048,0.029090678513994918,0.0,0.698437497892406,0.0
0.9989470230419275,0.0,0.045878591474356106,0.0,1.0,0.0,-0.045878591474356106,0.0,0.9989470230419275,0.02974338882731176,0.0,0.6981085139417549,0.0
0.9988996840581357,0.0,0.046897987041629424,0.0,1.0,0.0,-0.046897987041629424,0.0,0.9988996840581357,0.03040474960843702,0.0,0.6977751699173979,0.0
0.9988506632624604,0.0,0.04793070519137871,0.0,1.0,0.0,-0.04793070519137871,0.0,0.9988506632624604,0.031074786095203668,0.0,0.6974374530987731,0.0
0.998799917372356,0.0,0.04897678079432029,0.0,1.0,0.0,-0.04897678079432029,0.0,0.998799917372356,0.03175352290758662,0.0,0.697095351076736,0.0
0.9987474024601607,0.0,0.05003624765189601,0.0,1.0,0.0,-0.05003624765189601,0.0,0.9987474024601607,0.032440984049953485,0.0,0.6967488517524252,0.0
0.9986930739532265,0.0,0.05110913849650905,0.0,1.0,0.0,-0.05110913849650905,0.0,0.9986930739532265,0.033137192913315607,0.0,0.6963979433361275,0.0
0.9986368866342158,0.0,0.05219548499171581,0.0,1.0,0.0,-0.05219548499171581,0.0,0.9986368866342158,0.033842172277578714,0.0,0.6960426143461439,0.0
0.9985787946415672,0.0,0.05329531773237512,0.0,1.0,0.0,-0.05329531773237512,0.0,0.9985787946415672,0.03455594431379388,0.0,0.6956828536076547,0.0
0.9985187514701298,0.0,0.054408666244755224,0.0,1.0,0.0,-0.054408666244755224,0.0,0.9985187514701298,0.035278530586408376,0.0,0.6953186502515855,0.0
0.9984567099719677,0.0,0.055535558986598926,0.0,1.0,0.0,-0.055535558986598926,0.0,0.9984567099719677,0.03600995205551648,0.0,0.694949993713472,0.0
0.9983926223573337,0.0,0.05667602334714794,0.0,1.0,0.0,-0.05667602334714794,0.0,0.9983926223573337,0.03675022907911032,0.0,0.6945768737323268,0.0
0.9983264401958138,0.0,0.05783008564712716,0.0,1.0,0.0,-0.05783008564712716,0.0,0.9983264401958138,0.03749938141533077,0.0,0.6941992803495028,0.0
0.9982581144176425,0.0,0.058997771138689294,0.0,1.0,0.0,-0.058997771138689294,0.0,0.9982581144176425,0.03825742822471823,0.0,0.693817203907561,0.0
0.9981875953151876,0.0,0.06017910400532115,0.0,1.0,0.0,-0.06017910400532115,0.0,0.9981875953151876,0.0390243880724636,0.0,0.6934306350491345,0.0
0.9981148325446091,0.0,0.06137410736171179,0.0,1.0,0.0,-0.06137410736171179,0.0,0.9981148325446091,0.03980027893065892,0.0,0.6930395647157948,0.0
0.9980397751276866,0.0,0.06258280325358415,0.0,1.0,0.0,-0.06258280325358415,0.0,0.9980397751276866,0.040585118180548455,0.0,0.6926439841469161,0.0
0.9979623714538202,0.0,0.06380521265749027,0.0,1.0,0.0,-0.06380521265749027,0.0,0.9979623714538202,0.04137892261477939,0.0,0.6922438848785429,0.0
0.9978825692822026,0.0,0.0650413554805717,0.0,1.0,0.0,-0.0650413554805717,0.0,0.9978825692822026,0.042181708439652736,0.0,0.6918392587422537,0.0
0.9978003157441641,0.0,0.0662912505602855,0.0,1.0,0.0,-0.0662912505602855,0.0,0.9978003157441641,0.04299349127737412,0.0,0.6914300978640269,0.0
0.997715557345688,0.0,0.0675549156640973,0.0,1.0,0.0,-0.0675549156640973,0.0,0.997715557345688,0.043814286168304746,0.0,0.6910163946631069,0.0
0.9976282399701001,0.0,0.06883236748914215,0.0,1.0,0.0,-0.06883236748914215,0.0,0.9976282399701001,0.04464410757321214,0.0,0.6905981418508692,0.0
0.9975383088809298,0.0,0.07012362166185417,0.0,1.0,0.0,-0.07012362166185417,0.0,0.9975383088809298,0.045482969375521036,0.0,0.6901753324296859,0.0
0.9974457087249422,0.0,0.07142869273756632,0.0,1.0,0.0,-0.07142869273756632,0.0,0.9974457087249422,0.04633088488356424,0.0,0.689747959691791,0.0
0.9973503835353452,0.0,0.07274759420008134,0.0,1.0,0.0,-0.07274759420008134,0.0,0.9973503835353452,0.04718786683283345,0.0,0.6893160172181466,0.0
0.9972522767351659,0.0,0.07408033846121478,0.0,1.0,0.0,-0.07408033846121478,0.0,0.9972522767351659,0.04805392738823017,0.0,0.6888794988773076,0.0
0.9971513311408006,0.0,0.07542693686031142,0.0,1.0,0.0,-0.07542693686031142,0.0,0.9971513311408006,0.04892907814631641,0.0,0.6884383988242879,0.0
0.997047488965737,0.0,0.07678739966373674,0.0,1.0,0.0,-0.07678739966373674,0.0,0.997047488965737,0.04981333013756574,0.0,0.6879927114994254,0.0
0.9969406918244474,0.0,0.07816173606434365,0.0,1.0,0.0,-0.07816173606434365,0.0,0.9969406918244474,0.05070669382861397,0.0,0.6875424316272477,0.0
0.9968308807364538,0.0,0.07954995418091682,0.0,1.0,0.0,-0.07954995418091682,0.0,0.9968308807364538,0.05160917912451006,0.0,0.6870875542153378,0.0
0.9967179961305642,0.0,0.08095206105759534,0.0,1.0,0.0,-0.08095206105759534,0.0,0.9967179961305642,0.05252079537096702,0.0,0.6866280745531993,0.0
0.9966019778492811,0.0,0.0823680626632749,0.0,1.0,0.0,-0.0823680626632749,0.0,0.9966019778492811,0.0534415513566127,0.0,0.6861639882111219,0.0
0.9964827651533789,0.0,0.08379796389099134,0.0,1.0,0.0,-0.08379796389099134,0.0,0.9964827651533789,0.05437145531524058,0.0,0.6856952910390472,0.0
0.9963602967266539,0.0,0.08524176855728663,0.0,1.0,0.0,-0.08524176855728663,0.0,0.9963602967266539,0.05531051492806077,0.0,0.6852219791654344,0.0
0.996234510680843,0.0,0.08669947940155863,0.0,1.0,0.0,-0.08669947940155863,0.0,0.996234510680843,0.05625873732595075,0.0,0.6847440489961244,0.0
0.9961053445607123,0.0,0.08817109808539628,0.0,1.0,0.0,-0.08817109808539628,0.0,0.9961053445607123,0.05721612909170627,0.0,0.6842614972132078,0.0
0.9959727353493162,0.0,0.08965662519190139,0.0,1.0,0.0,-0.08965662519190139,0.0,0.9959727353493162,0.05818269626229211,0.0,0.683774320773888,0.0
0.9958366194734236,0.0,0.09115606022499899,0.0,1.0,0.0,-0.09115606022499899,0.0,0.9958366194734236,0.05915844433109306,0.0,0.6832825169093479,0.0
0.9956969328091146,0.0,0.09266940160873728,0.0,1.0,0.0,-0.09266940160873728,0.0,0.9956969328091146,0.06014337825016469,0.0,0.6827860831236154,0.0
0.995553610687543,0.0,0.09419664668657883,0.0,1.0,0.0,-0.09419664668657883,0.0,0.995553610687543,0.0611375024324842,0.0,0.6822850171924287,0.0
0.9954065879008671,0.0,0.09573779172068483,0.0,1.0,0.0,-0.09573779172068483,0.0,0.9954065879008671,0.06214082075420127,0.0,0.6817793171621016,0.0
0.9952557987083481,0.0,0.09729283189119373,0.0,1.0,0.0,-0.09729283189119373,0.0,0.9952557987083481,0.06315333655688894,0.0,0.6812689813483894,0.0
0.9951011768426125,0.0,0.09886176129549608,0.0,1.0,0.0,-0.09886176129549608,0.0,0.9951011768426125,0.0641750526497945,0.0,0.680754008335354,0.0
0.994942655516082,0.0,0.10044457294750676,0.0,1.0,0.0,-0.10044457294750676,0.0,0.994942655516082,0.06520597131209019,0.0,0.6802343969742305,0.0
0.9947801674275669,0.0,0.10204125877693702,0.0,1.0,0.0,-0.10204125877693702,0.0,0.9947801674275669,0.06624609429512412,0.0,0.6797101463822907,0.0
0.9946136447690245,0.0,0.10365180962856742,0.0,1.0,0.0,-0.10365180962856742,0.0,0.9946136447690245,0.06729542282467128,0.0,0.6791812559417104,0.0
0.9944430192324795,0.0,0.10527621526152328,0.0,1.0,0.0,-0.10527621526152328,0.0,0.9944430192324795,0.06835395760318409,0.0,0.6786477252984345,0.0
0.9942682220171082,0.0,0.1069144643485551,0.0,1.0,0.0,-0.1069144643485551,0.0,0.9942682220171082,0.06942169881204346,0.0,0.6781095543610418,0.0
0.9940891838364841,0.0,0.10856654447532499,0.0,1.0,0.0,-0.10856654447532499,0.0,0.9940891838364841,0.07049864611380965,0.0,0.6775667432996113,0.0
0.993905834925984,0.0,0.11023244213970085,0.0,1.0,0.0,-0.11023244213970085,0.0,0.993905834925984,0.071584798654473,0.0,0.6770192925445874,0.0
0.9937181050503539,0.0,0.11191214275106084,0.0,1.0,0.0,-0.11191214275106084,0.0,0.9937181050503539,0.0726801550657048,0.0,0.6764672027856453,0.0
0.9935259235114345,0.0,0.1136056306296091,0.0,1.0,0.0,-0.1136056306296091,0.0,0.9935259235114345,0.07378471346710823,0.0,0.6759104749705569,0.0
0.9933292191560449,0.0,0.11531288900570512,0.0,1.0,0.0,-0.11531288900570512,0.0,0.9933292191560449,0.07489847146846912,0.0,0.6753491103040556,0.0
0.9931279203840229,0.0,0.11703390001920809,0.0,1.0,0.0,-0.11703390001920809,0.0,0.9931279203840229,0.07602142617200684,0.0,0.6747831102467028,0.0
0.9929219551564212,0.0,0.11876864471883872,0.0,1.0,0.0,-0.11876864471883872,0.0,0.9929219551564212,0.07715357417462514,0.0,0.6742124765137524,0.0
0.9927112510038603,0.0,0.12051710306155987,0.0,1.0,0.0,-0.12051710306155987,0.0,0.9927112510038603,0.078294911570163,0.0,0.6736372110740171,0.0
0.9924957350350327,0.0,0.12227925391197812,0.0,1.0,0.0,-0.12227925391197812,0.0,0.9924957350350327,0.0794454339516455,0.0,0.6730573161487335,0.0
0.9922753339453628,0.0,0.12405507504176806,0.0,1.0,0.0,-0.12405507504176806,0.0,0.9922753339453628,0.0806051364135346,0.0,0.6724727942104278,0.0
0.9920499740258163,0.0,0.12584454312912152,0.0,1.0,0.0,-0.12584454312912152,0.0,0.9920499740258163,0.08177401355398005,0.0,0.6718836479817808,0.0
0.9918195811718613,0.0,0.12764763375822338,0.0,1.0,0.0,-0.12764763375822338,0.0,0.9918195811718613,0.08295205947707031,0.0,0.6712898804344944,0.0
0.9915840808925792,0.0,0.12946432141875558,0.0,1.0,0.0,-0.12946432141875558,0.0,0.9915840808925792,0.08413926779508313,0.0,0.670691494788156,0.0
0.991343398319922,0.0,0.13129457950543266,0.0,1.0,0.0,-0.13129457950543266,0.0,0.991343398319922,0.08533563163073674,0.0,0.6700884945091051,0.0
0.9910974582181181,0.0,0.13313838031756892,0.0,1.0,0.0,-0.13313838031756892,0.0,0.9910974582181181,0.08654114361944053,0.0,0.6694808833092978,0.0
0.9908461849932227,0.0,0.13499569505868053,0.0,1.0,0.0,-0.13499569505868053,0.0,0.9908461849932227,0.08775579591154588,0.0,0.6688686651451727,0.0
0.9905895027028129,0.0,0.13686649383612404,0.0,1.0,0.0,-0.13686649383612404,0.0,0.9905895027028129,0.08897958017459698,0.0,0.6682518442165171,0.0
0.9903273350658253,0.0,0.13875074566077367,0.0,1.0,0.0,-0.13875074566077367,0.0,0.9903273350658253,0.09021248759558181,0.0,0.667630424965331,0.0
0.9900596054725347,0.0,0.14064841844673892,0.0,1.0,0.0,-0.14064841844673892,0.0,0.9900596054725347,0.09145450888318296,0.0,0.6670044120746943,0.0
0.9897862369946738,0.0,0.14255947901112478,0.0,1.0,0.0,-0.14255947901112478,0.0,0.9897862369946738,0.09270563427002834,0.0,0.6663738104676311,0.0
0.9895071523956904,0.0,0.14448389307383658,0.0,1.0,0.0,-0.14448389307383658,0.0,0.9895071523956904,0.09396585351494219,0.0,0.6657386253059757,0.0
0.9892222741411418,0.0,0.14642162525743146,0.0,1.0,0.0,-0.14642162525743146,0.0,0.9892222741411418,0.09523515590519586,0.0,0.6650988619892377,0.0
0.9889315244092248,0.0,0.14837263908701862,0.0,1.0,0.0,-0.14837263908701862,0.0,0.9889315244092248,0.09651353025875863,0.0,0.6644545261534686,0.0
0.9886348251014401,0.0,0.15033689699021005,0.0,1.0,0.0,-0.15033689699021005,0.0,0.9886348251014401,0.09780096492654862,0.0,0.6638056236701257,0.0
0.9883320978533874,0.0,0.15231436029712436,0.0,1.0,0.0,-0.15231436029712436,0.0,0.9883320978533874,0.09909744779468364,0.0,0.663152160644939,0.0
0.9880232640456935,0.0,0.15430498924044508,0.0,1.0,0.0,-0.15430498924044508,0.0,0.9880232640456935,0.10040296628673197,0.0,0.6624941434167759,0.0
0.9877082448150669,0.0,0.15630874295553607,0.0,1.0,0.0,-0.15630874295553607,0.0,0.9877082448150669,0.1017175073659632,0.0,0.6618315785565072,0.0
0.9873869610654817,0.0,0.15832557948061612,0.0,1.0,0.0,-0.15832557948061612,0.0,0.9873869610654817,0.10304105753759932,0.0,0.6611644728658722,0.0
0.9870593334794858,0.0,0.1603554557569938,0.0,1.0,0.0,-0.1603554557569938,0.0,0.9870593334794858,0.10437360285106519,0.0,0.6604928333763442,0.0
0.9867252825296335,0.0,0.16239832762936615,0.0,1.0,0.0,-0.16239832762936615,0.0,0.9867252825296335,0.10571512890223964,0.0,0.6598166673479969,0.0
0.9863847284900398,0.0,0.16445414984618184,0.0,1.0,0.0,-0.16445414984618184,0.0,0.9863847284900398,0.10706562083570623,0.0,0.6591359822683687,0.0
0.9860375914480551,0.0,0.16652287606007246,0.0,1.0,0.0,-0.16652287606007246,0.0,0.9860375914480551,0.10842506334700427,0.0,0.6584507858513282,0.0
0.9856837913160583,0.0,0.1686044588283515,0.0,1.0,0.0,-0.1686044588283515,0.0,0.9856837913160583,0.10979344068487931,0.0,0.6577610860359415,0.0
0.9853232478433654,0.0,0.17069884961358636,0.0,1.0,0.0,-0.17069884961358636,0.0,0.9853232478433654,0.11117073665353436,0.0,0.6570668909853355,0.0
0.9849558806282546,0.0,0.17280599878424233,0.0,1.0,0.0,-0.17280599878424233,0.0,0.9849558806282546,0.11255693461488057,0.0,0.6563682090855646,0.0
0.9845816091301012,0.0,0.17492585561540241,0.0,1.0,0.0,-0.17492585561540241,0.0,0.9845816091301012,0.11395201749078798,0.0,0.6556650489444762,0.0
0.9842003526816259,0.0,0.17705836828956498,0.0,1.0,0.0,-0.17705836828956498,0.0,0.9842003526816259,0.11535596776533664,0.0,0.6549574193905754,0.0
0.9838120305012494,0.0,0.17920348389751992,0.0,1.0,0.0,-0.17920348389751992,0.0,0.9838120305012494,0.11676876748706713,0.0,0.6542453294718918,0.0
0.9834165617055549,0.0,0.1813611484393072,0.0,1.0,0.0,-0.1813611484393072,0.0,0.9834165617055549,0.11819039827123176,0.0,0.6535287884548437,0.0
0.9830138653218544,0.0,0.1835313068252582,0.0,1.0,0.0,-0.1835313068252582,0.0,0.9830138653218544,0.11962084130204512,0.0,0.6528078058231048,0.0
0.9826038603008572,0.0,0.18571390287712275,0.0,1.0,0.0,-0.18571390287712275,0.0,0.9826038603008572,0.12106007733493505,0.0,0.6520823912764684,0.0
0.9821864655294393,0.0,0.18790887932928388,0.0,1.0,0.0,-0.18790887932928388,0.0,0.9821864655294393,0.12250808669879366,0.0,0.6513525547297142,0.0
0.9817615998435102,0.0,0.1901161778300612,0.0,1.0,0.0,-0.1901161778300612,0.0,0.9817615998435102,0.1239648492982277,0.0,0.650618306311473,0.0
0.981329182040975,0.0,0.19233573894310688,0.0,1.0,0.0,-0.19233573894310688,0.0,0.981329182040975,0.12543034461580993,0.0,0.6498796563630924,0.0
0.9808891308947919,0.0,0.19456750214889398,0.0,1.0,0.0,-0.19456750214889398,0.0,0.9808891308947919,0.12690455171432974,0.0,0.6491366154375025,0.0
0.9804413651661188,0.0,0.19681140584630058,0.0,1.0,0.0,-0.19681140584630058,0.0,0.9804413651661188,0.12838744923904394,0.0,0.6483891942980812,0.0
0.9799858036175507,0.0,0.19906738735429097,0.0,1.0,0.0,-0.19906738735429097,0.0,0.9799858036175507,0.12987901541992777,0.0,0.6476374039175198,0.0
0.9795223650264425,0.0,0.2013353829136963,0.0,1.0,0.0,-0.2013353829136963,0.0,0.9795223650264425,0.13137922807392574,0.0,0.6468812554766883,0.0
0.9790509681983173,0.0,0.20361532768909507,0.0,1.0,0.0,-0.20361532768909507,0.0,0.9790509681983173,0.13288806460720198,0.0,0.6461207603635016,0.0
0.9785715319803555,0.0,0.20590715577079893,0.0,1.0,0.0,-0.20590715577079893,0.0,0.9785715319803555,0.13440550201739204,0.0,0.6453559301717842,0.0
0.9780839752749648,0.0,0.20821080017694088,0.0,1.0,0.0,-0.20821080017694088,0.0,0.9780839752749648,0.1359315168958529,0.0,0.6445867767001354,0.0
0.9775882170534262,0.0,0.2105261928556711,0.0,1.0,0.0,-0.2105261928556711,0.0,0.9775882170534262,0.13746608542991423,0.0,0.6438133119507967,0.0
0.9770841763696153,0.0,0.21285326468746132,0.0,1.0,0.0,-0.21285326468746132,0.0,0.9770841763696153,0.13900918340512913,0.0,0.643035548128515,0.0
0.9765717723737956,0.0,0.21519194548751952,0.0,1.0,0.0,-0.21519194548751952,0.0,0.9765717723737956,0.14056078620752502,0.0,0.6422534976394095,0.0
0.9760509243264816,0.0,0.21754216400831577,0.0,1.0,0.0,-0.21754216400831577,0.0,0.9760509243264816,0.14212086882585429,0.0,0.6414671730898371,0.0
0.9755215516123688,0.0,0.21990384794222329,0.0,1.0,0.0,-0.21990384794222329,0.0,0.9755215516123688,0.14368940585384551,0.0,0.6406765872852573,0.0
0.9749835737543288,0.0,0.2222769239242736,0.0,1.0,0.0,-0.2222769239242736,0.0,0.9749835737543288,0.14526637149245406,0.0,0.6398817532290981,0.0
0.9744369104274655,0.0,0.22466131753502985,0.0,1.0,0.0,-0.22466131753502985,0.0,0.9744369104274655,0.14685173955211278,0.0,0.6390826841216218,0.0
0.9738814814732316,0.0,0.22705695330357906,0.0,1.0,0.0,-0.22705695330357906,0.0,0.9738814814732316,0.1484454834549834,0.0,0.6382793933587898,0.0
0.9733172069136009,0.0,0.22946375471064384,0.0,1.0,0.0,-0.22946375471064384,0.0,0.9733172069136009,0.15004757623720677,0.0,0.6374718945311288,0.0
0.9727440069652956,0.0,0.23188164419181787,0.0,1.0,0.0,-0.23188164419181787,0.0,0.9727440069652956,0.15165799055115398,0.0,0.6366602014225963,0.0
0.9721618020540639,0.0,0.23431054314092453,0.0,1.0,0.0,-0.23431054314092453,0.0,0.9721618020540639,0.1532766986676776,0.0,0.6358443280094447,0.0
0.9715705128290071,0.0,0.2367503719134994,0.0,1.0,0.0,-0.2367503719134994,0.0,0.9715705128290071,0.15490367247836126,0.0,0.6350242884590893,0.0
0.9709700601769515,0.0,0.23920104983040338,0.0,1.0,0.0,-0.23920104983040338,0.0,0.9709700601769515,0.1565388834977723,0.0,0.6342000971289715,0.0
0.9703603652368652,0.0,0.2416624951815602,0.0,1.0,0.0,-0.2416624951815602,0.0,0.9703603652368652,0.15818230286571114,0.0,0.633371768565426,0.0
0.9697413494143128,0.0,0.2441346252298264,0.0,1.0,0.0,-0.2441346252298264,0.0,0.9697413494143128,0.15983390134946285,0.0,0.6325393175025449,0.0
0.9691129343959494,0.0,0.24661735621499223,0.0,1.0,0.0,-0.24661735621499223,0.0,0.9691129343959494,0.16149364934604787,0.0,0.6317027588610441,0.0
0.9684750421640487,0.0,0.2491106033579143,0.0,1.0,0.0,-0.2491106033579143,0.0,0.9684750421640487,0.16316151688447267,0.0,0.6308621077471288,0.0
0.9678275950110626,0.0,0.2516142808647842,0.0,1.0,0.0,-0.2516142808647842,0.0,0.9678275950110626,0.16483747362798087,0.0,0.6300173794513587,0.0
0.9671705155542101,0.0,0.25412830193153113,0.0,1.0,0.0,-0.25412830193153113,0.0,0.9671705155542101,0.16652148887630386,0.0,0.6291685894475133,0.0
0.9665037267500917,0.0,0.25665257874836217,0.0,1.0,0.0,-0.25665257874836217,0.0,0.9665037267500917,0.1682135315679118,0.0,0.6283157533914583,0.0
0.9658271519093272,0.0,0.2591870225044407,0.0,1.0,0.0,-0.2591870225044407,0.0,0.9658271519093272,0.16991357028226442,0.0,0.6274588871200101,0.0
0.965140714711214,0.0,0.2617315433927043,0.0,1.0,0.0,-0.2617315433927043,0.0,0.965140714711214,0.17162157324206195,0.0,0.6265980066498017,0.0
0.9644443392184017,0.0,0.26428605061482263,0.0,1.0,0.0,-0.26428605061482263,0.0,0.9644443392184017,0.17333750831549577,0.0,0.6257331281761485,0.0
0.9637379498915813,0.0,0.2668504523862979,0.0,1.0,0.0,-0.2668504523862979,0.0,0.9637379498915813,0.1750613430184995,0.0,0.6248642680719135,0.0
0.9630214716041862,0.0,0.26942465594170784,0.0,1.0,0.0,-0.26942465594170784,0.0,0.9630214716041862,0.1767930445169995,0.0,0.6239914428863729,0.0
0.9622948296570998,0.0,0.27200856754009284,0.0,1.0,0.0,-0.27200856754009284,0.0,0.9622948296570998,0.17853257962916616,0.0,0.6231146693440814,0.0
0.9615579497933701,0.0,0.27460209247048867,0.0,1.0,0.0,-0.27460209247048867,0.0,0.9615579497933701,0.18027991482766448,0.0,0.6222339643437381,0.0
0.9608107582129249,0.0,0.27720513505760386,0.0,1.0,0.0,-0.27720513505760386,0.0,0.9608107582129249,0.18203501624190488,0.0,0.6213493449570517,0.0
0.9600531815872869,0.0,0.27981759866764616,0.0,1.0,0.0,-0.27981759866764616,0.0,0.9600531815872869,0.1837978496602944,0.0,0.6204608284276062,0.0
0.9592851470742845,0.0,0.2824393857142953,0.0,1.0,0.0,-0.2824393857142953,0.0,0.9592851470742845,0.18556838053248698,0.0,0.6195684321697259,0.0
0.9585065823327549,0.0,0.2850703976648254,0.0,1.0,0.0,-0.2850703976648254,0.0,0.9585065823327549,0.18734657397163468,0.0,0.6186721737673421,0.0
0.9577174155372381,0.0,0.28771053504637806,0.0,1.0,0.0,-0.28771053504637806,0.0,0.9577174155372381,0.18913239475663884,0.0,0.6177720709728572,0.0
0.9569175753926565,0.0,0.2903596974523833,0.0,1.0,0.0,-0.2903596974523833,0.0,0.9569175753926565,0.1909258073344,0.0,0.6168681417060112,0.0
0.9561069911489781,0.0,0.29301778354913505,0.0,1.0,0.0,-0.29301778354913505,0.0,0.9561069911489781,0.19272677582206968,0.0,0.6159604040527467,0.0
0.9552855926158609,0.0,0.29568469108251694,0.0,1.0,0.0,-0.29568469108251694,0.0,0.9552855926158609,0.19453526400930074,0.0,0.6150488762640745,0.0
0.9544533101772731,0.0,0.29836031688488035,0.0,1.0,0.0,-0.29836031688488035,0.0,0.9544533101772731,0.19635123536049842,0.0,0.6141335767549394,0.0
0.9536100748060885,0.0,0.3010445568820772,0.0,1.0,0.0,-0.3010445568820772,0.0,0.9536100748060885,0.19817465301707102,0.0,0.6132145241030853,0.0
0.9527558180786526,0.0,0.30373730610064575,0.0,1.0,0.0,-0.30373730610064575,0.0,0.9527558180786526,0.20000547979968075,0.0,0.6122917370479213,0.0
0.9518904721893153,0.0,0.3064384586751512,0.0,1.0,0.0,-0.3064384586751512,0.0,0.9518904721893153,0.20184367821049518,0.0,0.6113652344893861,0.0
0.9510139699649296,0.0,0.30914790785567986,0.0,1.0,0.0,-0.30914790785567986,0.0,0.9510139699649296,0.2036892104354367,0.0,0.6104350354868149,0.0
0.9501262448793102,0.0,0.3118655460154924,0.0,1.0,0.0,-0.3118655460154924,0.0,0.9501262448793102,0.2055420383464352,0.0,0.6095011592578037,0.0
0.9492272310676511,0.0,0.31459126465882714,0.0,1.0,0.0,-0.31459126465882714,0.0,0.9492272310676511,0.20740212350367732,0.0,0.6085636251770759,0.0
0.9483168633408977,0.0,0.3173249544288649,0.0,1.0,0.0,-0.3173249544288649,0.0,0.9483168633408977,0.20926942715785815,0.0,0.6076224527753468,0.0
0.9473950772000707,0.0,0.3200665051158466,0.0,1.0,0.0,-0.3200665051158466,0.0,0.9473950772000707,0.21114391025243195,0.0,0.6066776617381898,0.0
0.9464618088505374,0.0,0.32281580566534945,0.0,1.0,0.0,-0.32281580566534945,0.0,0.9464618088505374,0.21302553342586292,0.0,0.6057292719049016,0.0
0.9455169952162307,0.0,0.32557274418671833,0.0,1.0,0.0,-0.32557274418671833,0.0,0.9455169952162307,0.214914257013876,0.0,0.6047773032673677,0.0
0.9445605739538067,0.0,0.32833720796165544,0.0,1.0,0.0,-0.32833720796165544,0.0,0.9445605739538067,0.21681004105170776,0.0,0.603821775968928,0.0
0.9435924834667436,0.0,0.331109083452966,0.0,1.0,0.0,-0.331109083452966,0.0,0.9435924834667436,0.21871284527635726,0.0,0.6028627103032428,0.0
0.9426126629193754,0.0,0.33388825631346175,0.0,1.0,0.0,-0.33388825631346175,0.0,0.9426126629193754,0.22062262912883693,0.0,0.601900126713157,0.0
0.9416210522508573,0.0,0.33667461139502064,0.0,1.0,0.0,-0.33667461139502064,0.0,0.9416210522508573,0.22253935175642342,0.0,0.6009340457895669,0.0
0.9406175921890608,0.0,0.3394680327578041,0.0,1.0,0.0,-0.3394680327578041,0.0,0.9406175921890608,0.22446297201490853,0.0,0.5999644882702853,0.0
